1 41 91 441
2 44 91 0
3 37 91 456
4 74 91 315
5 76 91 309
6 61 91 355
7 70 91 0
8 55 91 381
9 80 91 289
10 26 91 489
11 43 91 0
12 74 91 314
13 25 91 500
14 60 91 357
15 54 91 391
16 64 91 340
17 57 91 372
18 55 91 382
19 43 91 430
20 60 91 357
21 48 91 412
22 37 91 457
23 74 91 314
24 26 91 491
25 41 91 440
26 87 91 267
27 31 91 472
28 56 91 376
29 43 91 429
30 59 91 362
31 56 91 376
32 53 91 396
33 85 91 270
34 54 91 391
35 50 91 407
36 62 91 347
37 28 91 481
38 61 91 354
39 45 91 0
40 50 91 406
41 40 91 447
42 82 91 279
43 37 91 457
44 65 91 337
45 24 91 503
46 83 91 275
47 37 91 456
48 54 91 389
49 43 91 431
50 58 91 366
51 23 91 506
52 78 91 298
53 49 91 408
54 38 91 451
55 57 91 370
56 62 91 349
57 81 91 285
58 35 91 461
59 30 91 473
60 77 91 305
61 55 91 384
62 50 91 406
63 34 91 463
64 11 91 553
65 62 91 349
66 55 91 379
67 68 91 327
68 87 91 267
69 79 91 292
70 59 91 362
71 83 91 275
72 61 91 354
73 55 91 380
74 79 91 291
75 55 91 384
76 38 91 454
77 57 91 369
78 25 91 500
79 22 91 513
80 45 91 422
81 71 91 321
82 16 91 539
83 61 91 356
84 73 91 318
85 78 91 298
86 76 91 309
87 82 91 0
88 73 91 318
89 24 91 503
90 49 91 408
91 22 91 513
92 58 91 366
93 57 91 371
94 14 91 546
95 54 91 389
96 71 91 321
97 48 91 412
98 64 91 338
99 57 88 392
100 90 91 291
101 34 91 463
102 57 91 369
103 77 91 301
104 82 91 279
105 71 91 322
106 75 91 312
107 79 91 292
108 60 91 359
109 24 91 502
111 11 91 555
112 42 91 435
113 74 91 313
114 86 91 269
115 23 91 0
116 71 91 322
117 67 91 331
118 80 91 0
119 87 91 265
120 28 91 483
121 83 91 277
122 68 91 327
123 72 91 320
124 64 91 340
125 26 91 491
126 63 91 345
127 77 91 305
128 65 91 337
129 76 91 0
130 78 91 295
131 61 91 355
132 52 91 0
133 30 91 473
134 72 91 320
135 74 91 315
136 85 91 270
137 14 91 546
138 45 91 421
139 61 91 0
140 60 91 359
141 11 91 553
142 45 91 423
143 21 91 517
144 79 91 297
145 57 91 370
146 87 91 264
147 52 91 401
148 80 91 289
149 78 91 295
151 54 91 388
152 45 91 422
153 0 91 0
154 55 91 383
155 66 91 333
156 81 91 286
157 52 91 401
158 57 91 374
159 64 91 339
160 46 91 416
161 50 91 407
162 55 91 383
163 63 91 345
164 89 91 261
165 38 91 451
166 55 91 380
167 35 91 462
168 57 91 372
169 26 91 0
170 77 91 302
171 43 91 431
172 77 91 302
173 46 91 416
174 57 91 371
175 55 91 379
176 26 91 492
177 77 91 304
178 86 91 269
179 87 91 265
180 53 91 396
181 54 91 388
182 84 91 274
183 60 91 358
184 51 91 402
185 33 91 0
186 80 91 0
187 78 91 297
188 45 91 421
189 90 91 260
190 35 91 461
191 89 91 261
192 81 91 286
193 72 91 0
194 84 91 274
195 42 91 435
196 66 91 333
197 30 91 474
198 64 91 339
199 11 91 555
200 66 91 334
201 57 91 373
202 90 91 259
203 60 91 358
204 90 91 0
205 50 91 0
206 21 91 520
207 90 91 260
208 0 91 0
209 91 91 254
210 30 91 474
211 91 91 254
212 90 91 259
213 44 91 426
214 57 91 373
215 81 81 0
217 67 91 331
218 21 91 520
219 73 91 317
221 91 91 255
222 91 91 255
225 64 91 338
226 43 91 429
227 16 91 543
228 11 91 554
230 75 91 312
231 55 91 392
233 80 91 0
234 77 91 301
235 89 91 262
236 38 81 454
237 63 91 0
238 55 91 382
239 91 91 257
240 63 91 0
241 77 90 0
246 47 91 414
247 74 91 0
248 47 91 414
249 85 91 0
250 74 91 0
251 87 91 0
252 91 91 258
253 91 91 258
254 44 90 426
255 71 90 0
256 89 90 262
257 80 90 0
258 90 90 0
259 48 89 0
260 33 89 467
261 28 88 481
262 87 88 264
263 33 88 467
264 41 86 441
265 28 86 483
266 83 86 277
267 43 86 430
269 38 85 453
270 40 84 447
272 84 84 0
273 84 84 0
274 31 83 472
275 55 82 381
277 26 82 490
278 82 82 0
279 81 81 284
280 73 81 317
281 61 70 356
283 81 81 284
284 26 80 492
285 42 80 0
286 77 80 304
287 78 80 300
288 80 80 0
289 26 79 489
291 33 78 0
292 32 78 468
294 78 78 300
295 74 77 313
296 8 28 563
297 75 77 0
298 21 77 518
300 76 77 0
301 66 76 334
302 40 76 446
304 35 76 462
305 38 76 453
306 74 76 0
307 72 76 0
308 76 76 0
309 27 75 486
310 75 75 0
311 24 31 0
312 23 74 506
313 32 73 468
314 27 73 486
315 26 73 490
316 72 73 0
317 41 72 440
318 24 72 502
319 8 56 563
320 16 71 539
321 21 70 518
322 10 70 558
323 62 67 347
326 69 69 0
327 59 67 363
328 14 27 0
329 62 67 0
330 65 67 0
331 6 66 567
333 57 65 374
334 23 65 507
335 65 65 0
337 16 64 537
338 63 63 344
339 43 63 0
340 63 63 343
341 63 63 343
342 63 63 344
343 21 62 521
344 23 62 507
345 6 62 568
346 59 62 363
347 18 61 526
349 17 61 531
351 51 61 0
352 59 61 0
353 60 61 0
354 17 60 533
355 21 60 521
356 19 60 526
357 59 59 361
358 10 59 557
359 10 59 558
360 59 59 361
361 4 58 574
362 51 58 402
363 55 58 386
364 58 58 0
366 10 57 556
367 21 57 517
368 55 57 386
369 14 56 545
370 14 56 545
371 18 56 527
372 10 56 557
373 7 56 565
374 7 56 565
375 54 56 0
376 18 55 527
378 55 55 0
379 10 54 556
380 6 54 567
381 17 54 533
382 54 54 387
383 5 54 571
384 5 54 571
385 54 54 387
386 42 54 436
387 16 53 537
388 6 53 568
389 53 53 395
390 53 53 395
391 15 53 542
392 13 53 0
395 52 52 400
396 41 52 0
397 52 52 400
398 41 52 444
399 52 52 0
400 4 51 574
401 0 51 0
402 0 50 0
405 49 50 0
406 17 49 532
407 2 49 582
408 15 48 543
412 17 47 532
414 0 46 0
416 0 45 0
419 43 45 433
420 43 45 433
421 0 44 0
422 32 44 0
423 43 43 0
424 42 44 436
426 0 43 0
427 40 43 0
429 0 42 0
430 0 42 0
431 0 42 0
432 41 42 444
433 42 42 0
434 41 42 0
435 0 41 0
436 28 41 484
437 40 41 0
440 4 40 575
441 4 40 575
443 28 40 484
444 38 40 0
445 40 40 446
446 11 39 554
447 2 39 581
451 0 37 0
453 0 37 0
454 0 37 0
455 36 37 0
456 0 36 0
457 2 36 581
458 36 36 0
459 31 36 0
461 0 34 0
462 10 34 0
463 0 33 0
465 22 33 514
466 33 33 0
467 0 32 0
468 0 31 0
469 31 31 0
471 27 31 0
472 0 30 0
473 0 29 0
474 29 29 478
475 29 29 478
476 29 29 0
477 29 29 0
478 0 28 0
480 28 28 0
481 0 27 0
483 0 27 0
484 23 27 510
485 26 27 0
486 0 26 0
487 23 26 510
488 22 26 514
489 0 25 0
490 0 25 0
491 0 25 0
492 0 25 0
494 25 25 0
495 1 23 585
496 25 25 0
497 25 25 0
498 25 25 0
499 25 25 0
500 0 24 0
502 0 23 0
503 23 23 509
504 23 23 0
505 23 23 509
506 0 22 0
507 0 22 0
509 0 22 0
510 19 22 525
511 22 22 0
512 22 22 0
513 0 21 0
514 0 21 0
515 21 21 0
516 21 21 0
517 0 20 0
518 0 20 0
520 0 20 0
521 0 20 0
522 20 20 0
523 19 19 525
524 18 19 0
525 17 18 531
526 0 17 0
527 0 17 0
529 13 17 549
531 0 16 0
532 0 16 0
533 0 16 0
534 14 16 547
535 16 16 0
536 14 16 547
537 0 15 0
539 0 15 0
540 3 15 585
541 15 15 0
542 1 14 0
543 0 14 0
544 14 14 0
545 0 13 0
546 0 13 0
547 13 13 549
548 13 13 0
549 0 12 0
550 11 12 0
551 12 12 0
552 11 11 0
553 0 10 0
554 0 10 0
555 0 10 0
556 0 9 0
557 0 9 0
558 0 9 0
559 9 9 0
561 8 8 0
563 0 7 0
564 2 7 582
565 0 6 0
566 5 6 0
567 0 5 0
568 0 5 0
569 3 5 0
570 5 5 0
571 0 4 0
572 4 4 0
573 1 4 0
574 3 3 578
575 0 3 0
576 3 3 578
577 3 3 0
578 0 2 0
579 0 2 0
580 2 2 0
581 0 1 0
582 0 1 0
583 0 1 0
584 0 1 0
585 0 0 0
586 0 0 0
